33.76	0.0	0.0	0.0
33.764502180598	0.049796891166651	0.00061468874556716	0.0083923918826539
33.768510192485	0.099635990684098	0.00052919000805984	0.0082676990267179
33.773494093706	0.14938697789669	0.00047591498595876	0.0081442941495036
33.788379214948	0.19711991375445	-0.00099593120892315	0.0032689918344593
33.805740362828	0.24400904409691	-0.0014665443627368	0.0020139162593138
33.82342650002	0.29077656008008	-0.0015248256928933	0.0019046211893315
33.842449092149	0.33701659672268	-0.0016044600077834	0.0017937778521864
33.862116891601	0.38298590892865	-0.0016687454768998	0.0016802941519695
33.883795103887	0.42804204183078	-0.0017295804915924	0.0015872678287865
33.908444962231	0.47154358759208	-0.0017157830468186	0.0014948330350047
33.941558693447	0.50900664679682	-0.0015785618921575	0.0014956581299061
33.974517613869	0.54660597610704	-0.0015303435824537	0.0013722970567265
34.018507748714	0.57037292871667	-0.00083251770891918	0.0015261758689045
34.062353940842	0.59440439633445	-0.00073701969362716	0.0013980210051986
34.111583484358	0.60314808235581	0.0011339827259338	0.0017440752163292
34.161068342704	0.61030690868511	0.00050988018487861	0.0016003685305855
34.210804839641	0.61543339603196	-2.2213302822242e-005	0.0014976050596437
34.260723044122	0.6182922177018	-0.0014232806458676	0.0013789553620072
34.310723044122	0.61829213696414	-0.004680428093636	0.0013265609888226
34.360723044121	0.61829180399202	1.9074541136556e-006	0.001193340960284
