38.16	0.0	0.0	0.0
38.162223137917	0.049950552127092	0.00036769524525168	0.0084381299378124
38.164957296258	0.099875739940115	0.00030586861943983	0.0082933543601831
38.167999116852	0.14978312744412	0.00024915657851523	0.0081710922804751
38.179484469928	0.19844611815299	-0.0009338607886422	0.0032348537624333
38.201782222348	0.24319888607837	-0.0015390811716354	0.0020147914739666
38.229948850728	0.2845103983446	-0.0015700297288009	0.0019529095658088
38.267038342952	0.31804201874376	-0.0015463533156249	0.0019608532354168
38.305495081456	0.34999634964849	-0.0015791671404504	0.001858768443914
38.350774792656	0.37120360674833	-0.0014935988718159	0.001947388344057
38.396575429702	0.39126106536415	-0.0017124496191074	0.0018455002362186
38.445647100104	0.400851225112	-0.0009534554064909	0.001999048146987
38.495003480297	0.40884795783584	-0.0015729067581579	0.0019076099326834
38.54463830059	0.41487992388856	-0.0023763897327393	0.0018200718932597
38.594470117276	0.4189774897265	-0.0034561456652083	0.001736547866061
38.644426813852	0.42105798658914	-0.0051537638827166	0.0016645551597952
38.694426813851	0.42105833902606	-0.0074185847923909	0.0018055139639041
38.744426813848	0.4210577663529	-0.0029717090223675	0.0015763937668893
38.794426813844	0.42105719655063	0.0016918423319436	0.001348419711704
38.844426813841	0.42105662448499	0.0065789020981858	0.0011195375437114
38.894426813838	0.42105605650086	0.011748254486056	0.00089228517069323
