35.81	0.0	0.0	0.0
35.812898263928	0.04991592998437	0.00057059355434473	0.0084185670195432
35.816177227964	0.099808298086644	0.0005503799296344	0.0082783590139707
35.819922109701	0.14966785946429	0.00048894298820521	0.0081557659713823
35.832103863282	0.19816120828333	-0.00086828674995254	0.0032439014575871
35.84766078982	0.24567943675115	-0.00125851604895	0.0019904848843253
35.864372833909	0.29280382090999	-0.0012918078603647	0.0018539905321107
35.884449770043	0.33859592323657	-0.0012379092084937	0.0017702695708292
35.908779328111	0.38227741364377	-0.0011901149676881	0.0016710354898213
35.938873887108	0.42220631944895	-0.0010426561399237	0.0016249277515536
35.976401014635	0.45524742565812	-0.00091173348451495	0.0016428108452787
36.014999869051	0.48702994345996	-0.00092934972343381	0.0015588596670247
36.060575708672	0.50759308628477	-0.000574983046173	0.0016709832246665
36.10689520146	0.52642137850322	-0.00094487271127325	0.0015767910380592
36.154175109911	0.54268822382958	-0.0016600015161492	0.0014099846529063
36.20363769829	0.54999933528881	-0.0044794672508666	0.0014517089897673
36.253450092326	0.55432662086146	-0.0019997710796656	0.0015398819249397
36.303394500618	0.55668375479079	-0.0028258638532602	0.0014568897667164
36.353394500618	0.55668390619935	-0.0048170152335631	0.0015174471590068
36.403394500615	0.5566833549774	7.1888291298213e-005	0.001296904481068
36.453394500612	0.55668277470789	0.0048180127919353	0.0010647415977601
