37.96	0.0	0.0	0.0
37.964590649803	0.049788813345813	0.00081457394608455	0.0083843518977328
37.969313670112	0.099565244306312	0.00080120211812688	0.0082480875590636
37.974878558904	0.14925459943127	0.000772314065383	0.0081253738490869
37.993643621328	0.19559974407661	-0.0012008380747658	0.0032779146648475
38.023506139669	0.23570248710424	-0.002038377047337	0.0021151558490243
38.059360068439	0.27055210391387	-0.0020271289156187	0.0021006193202907
38.099769277825	0.29999859431175	-0.00073589362792538	0.0021659506673366
38.14470690495	0.32192140591047	-0.0020351253886744	0.002117334682973
38.190373537043	0.34228212086055	-0.0022515044015954	0.0020189062785647
38.23968361819	0.35055955387178	-0.00082661389455781	0.002268393419303
38.28920201442	0.35748259040694	-0.0015227805988334	0.0021786738517156
38.338943282747	0.36256257320045	-0.0024425440012171	0.0020927180639613
38.388836664496	0.36582607709019	-0.0037332456426475	0.0020150268760755
38.438821736273	0.36704779697379	-0.0062035791018891	0.001959172256306
38.488821736273	0.36704780346665	-0.0063087946559572	0.00182328282114
38.538821736273	0.36704790530225	-0.0020867217638943	0.0018640256588956
38.58882173627	0.36704732662487	0.0023102362017336	0.0016325038204399
38.638821736266	0.36704673511675	0.0068920912863374	0.0013958463664201
38.688821736263	0.36704617877662	0.011736220412809	0.0011732564137605
38.73882173626	0.36704559611073	0.016890185720672	0.00094012999989836
